92808E01
12000000
8E809280
0E001200
AA41C602
46800280
8E809280
0E001200
8E809280
0E001200
8E809280
0E001200
8000A201
1E000000
92009200
12001200
92009200
12001200
92009200
12001200
92009200
12001200
92009200
12001200
92009200
12001200
92009200
12001200
92009200
12001200
92009200
12001200
92009200
12001200
92009200
12001200
92009200
12001200
92009200
12001200
92009200
12001200
92009200
12001200
92009200
12001200
92009200
12001200
92009200
12001200
92009200
12001200
92009200
12001200
92009200
12001200
92009200
12001200
92009200
12001200
92009200
12001200
92009200
12001200
92009200
12001200
92009200
12001200
92009200
12001200
92009200
12001200
92009200
12001200
92009200
12001200
92009200
12001200
92009200
12001200
92009200
12001200
92009200
12001200
92009200
12001200
92009200
12001200
92009200
12001200
92009200
12001200
92009200
12001200
92009200
12001200
92009200
12001200
92009200
12001200
92009200
12001200
92009200
12001200
92009200
12001200
92009200
12001200
92009200
12001200
92009200
12001200
92009200
12001200
92009200
12001200
92009200
12001200
92009200
12001200
92009200
12001200
92009200
12001200
92009200
12001200
92009200
12001200
92009200
12001200
92009200
12001200
92009200
12001200
92009200
12001200
92009200
12001200
92009200
12001200
92009200
12001200
92009200
12001200
92009200
12001200
92009200
12001200
92009200
12001200
92009200
12001200
92009200
12001200
92009200
12001200
92009200
12001200
92009200
12001200
92009200
12001200
92009200
12001200
92009200
12001200
92009200
12001200
92009200
12001200
92009200
12001200
92009200
12001200
92009200
12001200
92009200
12001200
92009200
12001200
92009200
12001200
92009200
12001200
92009200
12001200
92009200
12001200
92009200
12001200
92009200
12001200
92009200
12001200
92009200
12001200
92009200
12001200
92009200
12001200
92009200
12001200
92009200
12001200
92009200
12001200
92009200
12001200
92009200
12001200
92009200
12001200
92009200
12001200
92009200
12001200
92009200
12001200
