0019985700230023
001B789674E874E8
001B789674E874E8
001E002223262326
001CDBE227812781
001100276F536F53
001CDBE227812781
001100276F536F53
0010000064D164D1
0013002E175E175E
0000000000000000
0015003708A908A9
00133FF92F922F92
001700673B1B3B1B
0015000B6F596F59
001A001B4B344B34
00180017401C401C
001A001B4B344B34
0017D422001F001F
001C0025072A072A
001C0025072A072A
0000000000000000
0000000000000000
0011004000140014
001F3BCE17A817A8
0013002A3B2F3B2F
0010000078D978D9
0013002A3B2F3B2F
00110009705F705F
0014002B18BD18BD
0013EBE27BAA7BAA
0016902100350035
0014000A3B6C3B6C
0018BBF67BA67BA6
0017EFE21BA61BA6
001977BF43984398
0019946D00260026
001D786D00250025
001AC04C6BFE6BFE
001F88327BFB7BFB
0000000000000000
001F88327BFB7BFB
0000000000000000
00118CD600330033
0010000078E978E9
001400264B6A4B6A
00118CD600330033
001400264B6A4B6A
0013D0BD00480048
0016AC321BE91BE9
0015280F4CB54CB5
001800186F666F66
001700137F417F41
0019D4A900190019
001800561F801F80
001D003658825882
001B00212B722B72
001D003658825882
001D5BCE1FB31FB3
0011485D002B002B
001D5BCE1FB31FB3
0013002A5B7E5B7E
00100012689C689C
0013002A5B7E5B7E
001200123F2A3F2A
00155C2B00200020
00140019785E785E
001800561F801F80
00140019785E785E
0019381C07660766
00175FB263986398
001B27E303B703B7
00182C2B00280028
001C685A000B000B
001A0C3900210021
001EC86E00180018
0000000000000000
00109058002A002A
001F3C1900210021
0013002A4B7E4B7E
001000087B927B92
0013002A4B7E4B7E
0010C80A139F139F
001500312C932C93
0014000A5DDA5DDA
0017002757595759
0014000A5DDA5DDA
0019940D7BC17BC1
001700143B2F3B2F
0019940D7BC17BC1
001A003524592459
0000000000000000
001B0022684E684E
001E3C45026E026E
001B3FBD4F914F91
00111832001D001D
001F3BA6476E476E
0013003F73437343
0011001158A958A9
0013003F73437343
00130010632C632C
001400214B3D4B3D
00130010632C632C
00183C3301830183
001544E37CBA7CBA
001884E078C078C0
0016001B68946894
001AD3E56C706C70
0000000000000000
0000000000000000
0000000000000000
0000000000000000
0000000000000000
0000000000000000
0000000000000000
0000000000000000
0000000000000000
0000000000000000
0000000000000000
0000000000000000
0000000000000000
0000000000000000
0000000000000000
0000000000000000
0000000000000000
0000000000000000
0000000000000000
0000000000000000
0000000000000000
0000000000000000
0000000000000000
0000000000000000
0000000000000000
0000000000000000
0000000000000000
0000000000000000
0000000000000000
0000000000000000
0000000000000000
0000000000000000
0000000000000000
0000000000000000
0000000000000000
0000000000000000
0000000000000000
0000000000000000
0000000000000000
0000000000000000
0000000000000000
0000000000000000
0000000000000000
0000000000000000
0000000000000000
0000000000000000
0000000000000000
0000000000000000
0000000000000000
0000000000000000
0000000000000000
0000000000000000
0000000000000000
0000000000000000
0000000000000000
0000000000000000
0000000000000000
0000000000000000
0000000000000000
0000000000000000
0000000000000000
0000000000000000
0000000000000000
0000000000000000
0000000000000000
0000000000000000
0000000000000000
0000000000000000
0000000000000000
0000000000000000
0000000000000000
0000000000000000
0000000000000000
0000000000000000
0000000000000000
0000000000000000
0000000000000000
0000000000000000
0000000000000000
0000000000000000
0000000000000000
0000000000000000
0000000000000000
0000000000000000
0000000000000000
0000000000000000
0000000000000000
0000000000000000
0000000000000000
0000000000000000
0000000000000000
0000000000000000
0000000000000000
0000000000000000
0000000000000000
0000000000000000
0000000000000000
0000000000000000
0000000000000000
0000000000000000
0000000000000000
0000000000000000
0000000000000000
0000000000000000
0000000000000000
0000000000000000
0000000000000000
0000000000000000
0000000000000000
0000000000000000
0000000000000000
0000000000000000
0000000000000000
0000000000000000
0000000000000000
0000000000000000
0000000000000000
0000000000000000
0000000000000000
0000000000000000
0000000000000000
0000000000000000
0000000000000000
0000000000000000
0000000000000000
0000000000000000
0000000000000000
0000000000000000
0000000000000000
0000000000000000
0000000000000000
0000000000000000
0000000000000000
0000000000000000
0000000000000000
0000000000000000
0000000000000000
0000000000000000
0000000000000000
0000000000000000
0000000000000000
0000000000000000
0000000000000000
0000000000000000
0000000000000000
0000000000000000
0000000000000000
0000000000000000
0000000000000000
0000000000000000
0000000000000000
0000000000000000
0000000000000000
0000000000000000
0000000000000000
0000000000000000
0000000000000000
0000000000000000
0000000000000000
0000000000000000
0000000000000000
0000000000000000
0000000000000000
0000000000000000
0000000000000000
0000000000000000
0000000000000000
0000000000000000
0000000000000000
0000000000000000
0000000000000000
0000000000000000
0000000000000000
0000000000000000
0000000000000000
0000000000000000
0000000000000000
0000000000000000
0000000000000000
0000000000000000
0000000000000000
0000000000000000
0000000000000000
0000000000000000
0000000000000000
0000000000000000
0000000000000000
0000000000000000
0000000000000000
0000000000000000
0000000000000000
0000000000000000
0000000000000000
0000000000000000
0000000000000000
0000000000000000
0000000000000000
0000000000000000
0000000000000000
0000000000000000
0000000000000000
0000000000000000
0000000000000000
0000000000000000
0000000000000000
0000000000000000
0000000000000000
0000000000000000
0000000000000000
0000000000000000
0000000000000000
0000000000000000
0000000000000000
0000000000000000
0000000000000000
0000000000000000
0000000000000000
0000000000000000
0000000000000000
0000000000000000
0000000000000000
0000000000000000
0000000000000000
0000000000000000
0000000000000000
0000000000000000
0000000000000000
0000000000000000
0000000000000000
0000000000000000
0000000000000000
0000000000000000
0000000000000000
0000000000000000
0000000000000000
0000000000000000
0000000000000000
0000000000000000
0000000000000000
0000000000000000
0000000000000000
0000000000000000
0000000000000000
0000000000000000
0000000000000000
0000000000000000
0000000000000000
0000000000000000
0000000000000000
0000000000000000
0000000000000000
0000000000000000
0000000000000000
0000000000000000
0000000000000000
0000000000000000
0000000000000000
0000000000000000
0000000000000000
0000000000000000
0000000000000000
0000000000000000
0000000000000000
0000000000000000
0000000000000000
0000000000000000
0000000000000000
0000000000000000
0000000000000000
0000000000000000
0000000000000000
0000000000000000
0000000000000000
0000000000000000
0000000000000000
0000000000000000
0000000000000000
0000000000000000
0000000000000000
0000000000000000
0000000000000000
0000000000000000
0000000000000000
0000000000000000
0000000000000000
0000000000000000
0000000000000000
0000000000000000
0000000000000000
0000000000000000
0000000000000000
0000000000000000
0000000000000000
0000000000000000
0000000000000000
0000000000000000
0000000000000000
0000000000000000
0000000000000000
0000000000000000
0000000000000000
0000000000000000
0000000000000000
0000000000000000
0000000000000000
0000000000000000
0000000000000000
0000000000000000
0000000000000000
0000000000000000
0000000000000000
0000000000000000
0000000000000000
