0030000000000000
0030000000000000
0030000000000000
0030000000000000
0030000000000000
00010B6D009D000A
000EB00000670008
00014F86FFD30008
00010B6D009D000A
0030000000000000
000127B3002E0009
0030000000000000
0030000000000000
0030000000000000
0030000000000000
0030000000000000
0030000000000000
0030000000000000
0030000000000000
0030000000000000
0030000000000000
002EDB4600090005
0030000000000000
000EF746FFDD000A
000EDB9200170009
00012786FFE60009
000127EB00440009
0030000000000000
00012400002E0009
0030000000000000
0030000000000000
0030000000000000
0030000000000000
0030000000000000
0030000000000000
0030000000000000
0030000000000000
0030000000000000
0030000000000000
0030000000000000
0030000000000000
0001276D00190009
000EF7C10007000A
0001277300870009
0001080EFFF8000A
0030000000000000
00014FBA00040008
0030000000000000
0030000000000000
0030000000000000
0030000000000000
0030000000000000
0030000000000000
0030000000000000
0030000000000000
0030000000000000
0030000000000000
000EB35CFFCA0008
0030000000000000
00010B8C0079000A
000F0F99FFCB000A
0001275CFFDC0009
000EF7C8009F000A
0030000000000000
000127C8FFE30009
0030000000000000
0030000000000000
0030000000000000
0030000000000000
0030000000000000
0000000000000000
0030000000000000
0030000000000000
0030000000000000
0030000000000000
000EB367FFC90008
0030000000000000
000EF792FFE5000A
000EDB99FF2D0009
0030000000000000
000EF407004E000A
0030000000000000
00014F99FFC70008
0030000000000000
0030000000000000
0030000000000000
0030000000000000
0030000000000000
0030000000000000
0030000000000000
0030000000000000
0030000000000000
0030000000000000
000EB362FF7D0008
0030000000000000
000F0F9F0058000A
000EDBA600570009
0001275CFFD30009
00010BC80056000A
0030000000000000
0000F007FFD4000A
0030000000000000
0030000000000000
0030000000000000
0030000000000000
0030000000000000
0030000000000000
0000000000000000
0030000000000000
0030000000000000
0030000000000000
0030000000000000
0030000000000000
0030000000000000
0030000000000000
0030000000000000
0030000000000000
0030000000000000
0030000000000000
0030000000000000
0030000000000000
0030000000000000
0030000000000000
0030000000000000
0030000000000000
0030000000000000
0030000000000000
0030000000000000
0030000000000000
