0030000000000000
0030000000000000
0030000000000000
0030000000000000
0030000000000000
0001276D00CC0009
0030000000000000
00314F6200A10008
000EDB5C007E0009
0030000000000000
00014C00FF900008
0030000000000000
0030000000000000
0030000000000000
0030000000000000
0030000000000000
0030000000000000
0030000000000000
0030000000000000
0030000000000000
0030000000000000
0030000000000000
0030000000000000
0001277FFFFC0009
000EDBCF002D0009
00014F56FFA60008
00012786FFE60009
0030000000000000
000127F2FF150009
0030000000000000
0030000000000000
0030000000000000
0030000000000000
0030000000000000
0030000000000000
0030000000000000
0030000000000000
0030000000000000
0030000000000000
0030000000000000
0030000000000000
00012751FFF20009
000EB3D6003A0008
0020EB8E00090001
000EF79F0009000A
0030000000000000
0030000000000000
0030000000000000
0030000000000000
0030000000000000
0030000000000000
0030000000000000
0030000000000000
0030000000000000
0030000000000000
0030000000000000
0030000000000000
0030000000000000
0030000000000000
0000F35C0034000A
000EF7C800A5000A
0030000000000000
000F0FBAFFC6000A
0030000000000000
00014F67000C0008
0030000000000000
0030000000000000
0030000000000000
0030000000000000
0030000000000000
0000000000000000
0030000000000000
0030000000000000
0030000000000000
0030000000000000
0030000000000000
0030000000000000
000EF746FFB2000A
0030000000000000
0030000000000000
0000F379FF63000A
0030000000000000
0030000000000000
0030000000000000
0030000000000000
0030000000000000
0030000000000000
0030000000000000
0030000000000000
0030000000000000
0030000000000000
0030000000000000
0030000000000000
0030000000000000
0030000000000000
000F0F51FFA4000A
000EDB99000E0009
0030000000000000
000EDB73FFD80009
0030000000000000
0000F007FFD4000A
0030000000000000
0030000000000000
0030000000000000
0030000000000000
0030000000000000
0030000000000000
0000000000000000
0030000000000000
0030000000000000
0030000000000000
0030000000000000
0030000000000000
0030000000000000
0030000000000000
0030000000000000
0030000000000000
0030000000000000
0030000000000000
0030000000000000
0030000000000000
0030000000000000
0030000000000000
0030000000000000
0030000000000000
0030000000000000
0030000000000000
0030000000000000
0030000000000000
