002A0B725B5A5B5A
002B989A8B328B32
002B989A8B328B32
0000000000000000
002B989A8B328B32
0000000000000000
002F8FF5002A002A
0000000000000000
002000001BEA1BEA
00237B52AB92AB92
0023000828A528A5
0000000000000000
0024000B6B2A6B2A
0000000000000000
0025000D08C608C6
002800152B1B2B1B
002800152B1B2B1B
002AE8168BDE8BDE
0000000000000000
002CF7A5BB74BB74
0000000000000000
002CF7A5BB74BB74
002CF7A5BB74BB74
0000000000000000
002CF7A5BB74BB74
0022002A485A485A
0020001183458345
0024002D78527852
00220016B30DB30D
0024002D78527852
002400083BEA3BEA
0000000000000000
002400083BEA3BEA
0000000000000000
0000000000000000
002A8FF800270027
0000000000000000
0000000000000000
0000000000000000
002E489600080008
0000000000000000
0000000000000000
0000000000000000
0000000000000000
0020000C637E637E
0000000000000000
0000000000000000
00250067ABCAABCA
0024000718621862
00260852001D001D
00250014BB1BBB1B
0000000000000000
0000000000000000
0000000000000000
0029E8922B3E2B3E
002D00283B6A3B6A
002BFB32B862B862
002D00283B6A3B6A
0000000000000000
002158D26B3A6B3A
002E4BE2000A000A
0021783AC8EAC8EA
002158D26B3A6B3A
0000000000000000
0022001273137313
00250028EBB2EBB2
0024000DE8E2E8E2
0000000000000000
0024000DE8E2E8E2
0029281EF8B2F8B2
0000000000000000
002A67B627972797
0000000000000000
0000000000000000
0000000000000000
0000000000000000
0000000000000000
0000000000000000
002EA41E000A000A
0000000000000000
00200011FB6AFB6A
0023E05C00350035
0021C3F63B923B92
0000000000000000
0024000BEB7AEB7A
0000000000000000
0024000BEB7AEB7A
0000000000000000
0000000000000000
0000000000000000
0029EB420B760B76
002B6B7A00130013
002AD8D6582E582E
0000000000000000
002BBFA9776A776A
0000000000000000
002D1FD600390039
00225B1628C628C6
0000000000000000
0024002307400740
00223B8E8BF68BF6
00260024070F070F
0024000B3B4E3B4E
00260024070F070F
0024000B3B4E3B4E
002A0BE2000F000F
0000000000000000
002AD8D6582E582E
0000000000000000
0000000000000000
0000000000000000
0000000000000000
0000000000000000
0000000000000000
0000000000000000
0000000000000000
0000000000000000
0000000000000000
0000000000000000
0000000000000000
0000000000000000
0000000000000000
0000000000000000
0000000000000000
0000000000000000
0000000000000000
0000000000000000
0000000000000000
0000000000000000
0000000000000000
0000000000000000
0000000000000000
0000000000000000
0000000000000000
0000000000000000
0000000000000000
0000000000000000
0000000000000000
0000000000000000
0000000000000000
0000000000000000
0000000000000000
0000000000000000
0000000000000000
0000000000000000
0000000000000000
0000000000000000
0000000000000000
0000000000000000
0000000000000000
0000000000000000
0000000000000000
0000000000000000
0000000000000000
0000000000000000
0000000000000000
0000000000000000
0000000000000000
0000000000000000
0000000000000000
0000000000000000
0000000000000000
0000000000000000
0000000000000000
0000000000000000
0000000000000000
0000000000000000
0000000000000000
0000000000000000
0000000000000000
0000000000000000
0000000000000000
0000000000000000
0000000000000000
0000000000000000
0000000000000000
0000000000000000
0000000000000000
0000000000000000
0000000000000000
0000000000000000
0000000000000000
0000000000000000
0000000000000000
0000000000000000
0000000000000000
0000000000000000
0000000000000000
0000000000000000
0000000000000000
0000000000000000
0000000000000000
0000000000000000
0000000000000000
0000000000000000
0000000000000000
0000000000000000
0000000000000000
0000000000000000
0000000000000000
0000000000000000
0000000000000000
0000000000000000
0000000000000000
0000000000000000
0000000000000000
0000000000000000
0000000000000000
0000000000000000
0000000000000000
0000000000000000
0000000000000000
0000000000000000
0000000000000000
0000000000000000
0000000000000000
0000000000000000
0000000000000000
0000000000000000
0000000000000000
0000000000000000
0000000000000000
0000000000000000
0000000000000000
0000000000000000
0000000000000000
0000000000000000
0000000000000000
0000000000000000
0000000000000000
0000000000000000
0000000000000000
0000000000000000
0000000000000000
0000000000000000
0000000000000000
0000000000000000
0000000000000000
0000000000000000
0000000000000000
0000000000000000
0000000000000000
0000000000000000
0000000000000000
0000000000000000
0000000000000000
0000000000000000
0000000000000000
0000000000000000
0000000000000000
0000000000000000
0000000000000000
0000000000000000
0000000000000000
0000000000000000
0000000000000000
0000000000000000
0000000000000000
0000000000000000
0000000000000000
0000000000000000
0000000000000000
0000000000000000
0000000000000000
0000000000000000
0000000000000000
0000000000000000
0000000000000000
0000000000000000
0000000000000000
0000000000000000
0000000000000000
0000000000000000
0000000000000000
0000000000000000
0000000000000000
0000000000000000
0000000000000000
0000000000000000
0000000000000000
0000000000000000
0000000000000000
0000000000000000
0000000000000000
0000000000000000
0000000000000000
0000000000000000
0000000000000000
0000000000000000
0000000000000000
0000000000000000
0000000000000000
0000000000000000
0000000000000000
0000000000000000
0000000000000000
0000000000000000
0000000000000000
0000000000000000
0000000000000000
0000000000000000
0000000000000000
0000000000000000
0000000000000000
0000000000000000
0000000000000000
0000000000000000
0000000000000000
0000000000000000
0000000000000000
0000000000000000
0000000000000000
0000000000000000
0000000000000000
0000000000000000
0000000000000000
0000000000000000
0000000000000000
0000000000000000
0000000000000000
0000000000000000
0000000000000000
0000000000000000
0000000000000000
0000000000000000
0000000000000000
0000000000000000
0000000000000000
0000000000000000
0000000000000000
0000000000000000
0000000000000000
0000000000000000
0000000000000000
0000000000000000
0000000000000000
0000000000000000
0000000000000000
0000000000000000
0000000000000000
0000000000000000
0000000000000000
0000000000000000
0000000000000000
0000000000000000
0000000000000000
0000000000000000
0000000000000000
0000000000000000
0000000000000000
0000000000000000
0000000000000000
0000000000000000
0000000000000000
0000000000000000
0000000000000000
0000000000000000
0000000000000000
0000000000000000
0000000000000000
0000000000000000
0000000000000000
0000000000000000
0000000000000000
0000000000000000
0000000000000000
0000000000000000
0000000000000000
0000000000000000
0000000000000000
0000000000000000
0000000000000000
0000000000000000
0000000000000000
0000000000000000
0000000000000000
0000000000000000
0000000000000000
0000000000000000
0000000000000000
0000000000000000
0000000000000000
0000000000000000
0000000000000000
0000000000000000
0000000000000000
0000000000000000
0000000000000000
0000000000000000
0000000000000000
0000000000000000
0000000000000000
0000000000000000
0000000000000000
0000000000000000
0000000000000000
0000000000000000
0000000000000000
0000000000000000
0000000000000000
0000000000000000
0000000000000000
0000000000000000
0000000000000000
0000000000000000
0000000000000000
0000000000000000
0000000000000000
0000000000000000
0000000000000000
0000000000000000
0000000000000000
0000000000000000
0000000000000000
0000000000000000
0000000000000000
0000000000000000
0000000000000000
0000000000000000
0000000000000000
0000000000000000
