0000000000030000
0000000000030000
0000000000030000
0000000000000000
0000000000000000
0000000000000000
0000000000000000
0000000000030000
0000000000030000
0000000000030000
0000000000030000
0000000000030000
0000000000030000
0000000000030000
0000000000030000
0000000000030000
0000000000030000
000B000D0000434B
0019007C0000EC15
0000000000030000
0000000000030000
000F00290000C399
0000000000000000
000F00290000C399
0000000000000000
0000000000030000
0000000000030000
0000000000030000
0000000000030000
0000000000030000
0000000000030000
0000000000030000
0000000000030000
0000000000030000
0000000000030000
000B00090000D8AF
0000000000030000
0000000000030000
0000000000030000
0000000000000000
000D001D0000A45A
0000000000030000
000D001D0000A45A
0000000000030000
0000000000030000
0000000000030000
0000000000030000
0015005B0000E78C
0000000000030000
0000000000030000
0000000000030000
0000000000030000
0000000000030000
0000000000000000
0000000000030000
0000000000030000
0000000000030000
0000000000030000
0000000000000000
0000000000030000
0000000000030000
0000000000030000
0000000000030000
0000000000030000
0000000000030000
0000000000030000
0000000000030000
0000000000030000
0000000000030000
0000000000030000
0000000000030000
000B00080000B054
0000000000030000
0000000000030000
0000000000030000
0000000000030000
0000000000000000
0000000000030000
0000000000000000
0000000000030000
0000000000030000
0000000000000000
0000000000030000
0000000000000000
0000000000030000
0000000000030000
0000000000030000
0000000000030000
0000000000030000
0000000000000000
0000000000030000
0000000000030000
0000000000030000
000E00260000BC23
0000000000000000
001000330000D046
0000000000000000
0000000000030000
0000000000030000
001400530003183F
0000000000030000
001400530003183F
0000000000030000
0000000000030000
0000000000030000
0000000000030000
0000000000030000
000B00090000D800
0000000000030000
0000000000030000
0000000000030000
0000000000030000
0000000000030000
0000000000030000
0000000000030000
0000000000030000
0000000000030000
0000000000030000
0000000000030000
0000000000030000
0000000000030000
0000000000030000
0000000000030000
0000000000030000
0000000000030000
000B00080000B074
0000000000030000
0000000000030000
0000000000030000
0000000000030000
000C000F0000AC93
0000000000030000
0000000000000000
0000000000030000
0000000000030000
0000000000030000
0000000000030000
0000000000030000
0000000000030000
0000000000030000
0000000000030000
0000000000030000
0000000000030000
000B00090000DB79
0000000000030000
0000000000030000
0000000000030000
0000000000030000
0000000000000000
0000000000030000
0000000000030000
0000000000030000
0000000000030000
0000000000030000
0000000000030000
0000000000030000
0000000000030000
0000000000030000
0000000000030000
0000000000030000
0000000000030000
000B000A0000F00E
0000000000030000
0000000000030000
0000000000030000
0000000000030000
0000000000030000
0000000000030000
0000000000030000
0000000000030000
0000000000030000
0000000000030000
0000000000030000
0000000000030000
0000000000030000
0000000000030000
0000000000030000
0000000000030000
0000000000030000
0000000000030000
0000000000030000
0000000000030000
0000000000030000
0000000000030000
0000000000030000
0000000000030000
0000000000030000
0000000000030000
0000000000030000
0000000000030000
0000000000030000
0000000000030000
0000000000030000
0000000000030000
0000000000030000
0000000000030000
0000000000030000
0000000000030000
0000000000030000
0000000000030000
0000000000030000
0000000000030000
0000000000030000
0000000000030000
0000000000030000
0000000000030000
0000000000030000
0000000000030000
0000000000030000
0000000000030000
0000000000030000
0000000000030000
0000000000030000
0000000000030000
0000000000030000
0000000000030000
0000000000030000
0000000000030000
0000000000030000
0000000000030000
0000000000030000
0000000000030000
0000000000030000
0000000000030000
0000000000030000
0000000000030000
0000000000030000
0000000000030000
0000000000030000
0000000000030000
0000000000030000
0000000000030000
0000000000030000
0000000000030000
0000000000030000
0000000000030000
0000000000030000
0000000000030000
0000000000030000
0000000000030000
0000000000030000
0000000000030000
0000000000030000
0000000000030000
0000000000030000
0000000000030000
0000000000030000
0000000000030000
0000000000030000
0000000000030000
0000000000030000
0000000000030000
0000000000030000
0000000000030000
0000000000030000
0000000000030000
0000000000030000
0000000000030000
0000000000030000
0000000000030000
0000000000030000
0000000000030000
0000000000030000
0000000000030000
0000000000030000
0000000000030000
0000000000030000
0000000000030000
0000000000030000
0000000000030000
0000000000030000
0000000000030000
0000000000030000
0000000000030000
0000000000030000
0000000000030000
0000000000030000
0000000000030000
0000000000030000
0000000000030000
0000000000030000
0000000000030000
0000000000030000
0000000000030000
0000000000030000
0000000000030000
0000000000030000
0000000000030000
0000000000030000
0000000000030000
0000000000030000
0000000000030000
0000000000030000
0000000000030000
0000000000030000
0000000000030000
0000000000030000
0000000000030000
0000000000030000
0000000000030000
0000000000030000
0000000000030000
0000000000030000
0000000000030000
0000000000030000
0000000000030000
0000000000030000
0000000000030000
0000000000030000
0000000000030000
0000000000030000
0000000000030000
0000000000030000
0000000000030000
0000000000030000
0000000000030000
0000000000030000
0000000000030000
0000000000030000
0000000000030000
0000000000030000
0000000000030000
0000000000030000
0000000000030000
0000000000030000
0000000000030000
0000000000030000
0000000000030000
0000000000030000
0000000000030000
0000000000030000
0000000000030000
0000000000030000
0000000000030000
0000000000030000
0000000000030000
0000000000030000
0000000000030000
0000000000030000
0000000000030000
0000000000030000
0000000000030000
0000000000030000
0000000000030000
0000000000030000
0000000000030000
0000000000030000
0000000000030000
0000000000030000
0000000000030000
0000000000030000
0000000000030000
0000000000030000
0000000000030000
0000000000030000
0000000000030000
0000000000030000
0000000000030000
0000000000030000
0000000000030000
0000000000030000
0000000000030000
0000000000030000
0000000000030000
0000000000030000
0000000000030000
0000000000030000
0000000000030000
0000000000030000
0000000000030000
0000000000030000
0000000000030000
0000000000030000
0000000000030000
0000000000030000
0000000000030000
0000000000030000
0000000000030000
0000000000030000
0000000000030000
0000000000030000
0000000000030000
0000000000030000
0000000000030000
0000000000030000
0000000000030000
0000000000030000
0000000000030000
0000000000030000
0000000000030000
0000000000030000
0000000000030000
0000000000030000
0000000000030000
0000000000030000
0000000000030000
0000000000030000
0000000000030000
0000000000030000
0000000000030000
0000000000030000
0000000000030000
0000000000030000
0000000000030000
0000000000030000
0000000000030000
0000000000030000
0000000000030000
0000000000030000
0000000000030000
0000000000030000
0000000000030000
0000000000030000
0000000000030000
0000000000030000
0000000000030000
0000000000030000
0000000000030000
0000000000030000
0000000000030000
0000000000030000
