0030000000000000
0030000000000000
0030000000000000
000EDB7F00710009
0030000000000000
000EF467FFB1000A
000EB3D6FF8B0008
00208B52000D0002
001FA7CE001C0009
0030000000000000
0030000000000000
0030000000000000
0030000000000000
0030000000000000
0030000000000000
0030000000000000
0030000000000000
0030000000000000
0030000000000000
0030000000000000
0030000000000000
000ED82AFF6A0009
0030000000000000
000ED861FFF50009
000EDBCF002D0009
0030000000000000
000127C1FFA40009
0030000000000000
0030000000000000
0030000000000000
0030000000000000
0030000000000000
0030000000000000
0030000000000000
0030000000000000
0030000000000000
0030000000000000
0030000000000000
0030000000000000
000F0C74FF6C000A
0030000000000000
00010B51003E000A
000ED8B5005E0009
0030000000000000
000127AC00510009
0030000000000000
0030000000000000
0030000000000000
0030000000000000
0030000000000000
0030000000000000
0030000000000000
0030000000000000
0030000000000000
0030000000000000
0030000000000000
0030000000000000
0030000000000000
0030000000000000
0030000000000000
0030000000000000
0030000000000000
0030000000000000
0030000000000000
0030000000000000
0030000000000000
0030000000000000
0030000000000000
0030000000000000
0030000000000000
0030000000000000
0030000000000000
0030000000000000
0030000000000000
0030000000000000
0030000000000000
0030000000000000
0030000000000000
0030000000000000
0030000000000000
0030000000000000
0030000000000000
0030000000000000
0030000000000000
0030000000000000
0030000000000000
0030000000000000
0030000000000000
0030000000000000
0030000000000000
0030000000000000
0030000000000000
0030000000000000
0000000000000000
0030000000000000
0030000000000000
0030000000000000
0030000000000000
0030000000000000
0030000000000000
0030000000000000
0030000000000000
0030000000000000
0030000000000000
0030000000000000
0030000000000000
0030000000000000
0000000000000000
0030000000000000
0030000000000000
0030000000000000
0030000000000000
0030000000000000
0030000000000000
0030000000000000
0030000000000000
0030000000000000
0030000000000000
0030000000000000
0030000000000000
0030000000000000
0030000000000000
0030000000000000
0030000000000000
0030000000000000
0030000000000000
0030000000000000
0030000000000000
0030000000000000
0030000000000000
0030000000000000
0030000000000000
0030000000000000
0030000000000000
0030000000000000
0030000000000000
0030000000000000
0030000000000000
0030000000000000
0030000000000000
0030000000000000
0030000000000000
0030000000000000
0030000000000000
0030000000000000
0030000000000000
0030000000000000
0030000000000000
0030000000000000
0030000000000000
0030000000000000
0030000000000000
0030000000000000
0030000000000000
0030000000000000
0030000000000000
0030000000000000
0030000000000000
0030000000000000
0030000000000000
0030000000000000
0030000000000000
0030000000000000
0030000000000000
0030000000000000
0030000000000000
0030000000000000
0030000000000000
0030000000000000
0030000000000000
0030000000000000
0030000000000000
0030000000000000
0030000000000000
0030000000000000
0030000000000000
0030000000000000
0030000000000000
0030000000000000
0030000000000000
0030000000000000
0030000000000000
0030000000000000
0030000000000000
0030000000000000
0030000000000000
0030000000000000
0030000000000000
0030000000000000
0030000000000000
0030000000000000
0030000000000000
0030000000000000
0030000000000000
0030000000000000
0030000000000000
0030000000000000
0030000000000000
0030000000000000
0030000000000000
0030000000000000
0030000000000000
0030000000000000
0030000000000000
0030000000000000
0030000000000000
0030000000000000
0030000000000000
0030000000000000
0030000000000000
0030000000000000
0030000000000000
0030000000000000
0030000000000000
0030000000000000
0030000000000000
0030000000000000
0030000000000000
0030000000000000
0030000000000000
0030000000000000
0030000000000000
0030000000000000
0030000000000000
0030000000000000
0030000000000000
0030000000000000
0030000000000000
0030000000000000
0030000000000000
0030000000000000
0030000000000000
0030000000000000
0030000000000000
0030000000000000
0030000000000000
0030000000000000
0030000000000000
0030000000000000
0030000000000000
0030000000000000
0030000000000000
0030000000000000
0030000000000000
0030000000000000
0030000000000000
0030000000000000
0030000000000000
0030000000000000
0030000000000000
0030000000000000
0030000000000000
0030000000000000
0030000000000000
0030000000000000
0030000000000000
0030000000000000
0030000000000000
0030000000000000
0030000000000000
0030000000000000
0030000000000000
0030000000000000
0030000000000000
0030000000000000
0030000000000000
0030000000000000
0030000000000000
0030000000000000
0030000000000000
0030000000000000
0030000000000000
0030000000000000
0030000000000000
0030000000000000
0030000000000000
0030000000000000
0030000000000000
0030000000000000
0030000000000000
0030000000000000
0030000000000000
0030000000000000
0030000000000000
0030000000000000
0030000000000000
0030000000000000
0030000000000000
0030000000000000
0030000000000000
0030000000000000
0030000000000000
0030000000000000
0030000000000000
0030000000000000
0030000000000000
0030000000000000
0030000000000000
0030000000000000
0030000000000000
0030000000000000
0030000000000000
0030000000000000
0030000000000000
0030000000000000
0030000000000000
0030000000000000
0030000000000000
0030000000000000
0030000000000000
0030000000000000
0030000000000000
0030000000000000
0030000000000000
0030000000000000
0030000000000000
0030000000000000
0030000000000000
0030000000000000
0030000000000000
0030000000000000
0030000000000000
0030000000000000
0030000000000000
0030000000000000
0030000000000000
0030000000000000
0030000000000000
0030000000000000
0030000000000000
0030000000000000
0030000000000000
0030000000000000
0030000000000000
0030000000000000
0030000000000000
0030000000000000
0030000000000000
0030000000000000
0030000000000000
0030000000000000
0030000000000000
0030000000000000
0030000000000000
0030000000000000
0030000000000000
0030000000000000
0030000000000000
0030000000000000
0030000000000000
0030000000000000
0030000000000000
0030000000000000
0030000000000000
0030000000000000
0030000000000000
0030000000000000
0030000000000000
0030000000000000
0030000000000000
0030000000000000
0030000000000000
0030000000000000
0030000000000000
0030000000000000
0030000000000000
0030000000000000
0030000000000000
0030000000000000
