002A436A00170000
002DC846000D0000
002A436A00170000
000F23560004000C
0000000000000000
000F434BFFFD000D
000F0CA4FFCD000A
00213B5E0015000A
00010807FFFE000A
0000000000000000
000127C1FF910009
0025FB3B00150000
0000000000000000
0025FB3B00150000
0024F8EE001D0000
002A2BF600060000
0000000000000000
002A436A00170000
0029C8B200060000
002CBB7400110000
002AA8CA00070000
000F43990030000D
002D8B8200080000
000F43990030000D
000F23BA0046000C
00012767FFA80009
000EDBCF002D0009
0000000000000000
0001240000330009
0025782A000F0000
0022F8F200210000
0028485A00210000
0024881A000B0000
0029C8B200060000
00282BDE000E0000
0029C8B200060000
0000000000000000
002B8B8A00080000
002B0B7600110000
000F34BF0064000D
0000000000000000
000F348DFF64000D
000F23790074000C
00012792FFBD0009
0000F3B3FFF2000A
00234B6E00670000
0001249EFFF90009
0023FB66000D0000
0023FB66000D0000
0026D832000A0000
0024FBDE00060000
0029D8AA00070000
0028637E00140000
002A681A00160000
0028182600080000
0000000000000000
002A7B9200060000
002DB82600060000
0000000000000000
0001243F002A0009
002F68EA00060000
0021783A00070000
002F68EA00060000
0023A85E00200000
0000000000000000
0026BB8200060000
0000000000000000
0026BB8200060000
00256BC600060000
0029281E00080000
0026FBC2000A0000
002A7B9200060000
0029EB7A000C0000
002C0B36000A0000
0029EB7A000C0000
002F3B9200110000
0000000000000000
0000000000000000
0000000000000000
0000000000000000
0000000000000000
0023E05C00350000
0021C3F6002E0000
0024848A00130000
0000000000000000
0027FB6A00140000
0000000000000000
0029B8B200070000
0000000000000000
0029EB7A000C0000
0028B896000B0000
002DB82600070000
002ACB6600090000
002E989A00090000
002BDBA6000A0000
0000F37F0043000A
0000000000000000
00225B1600090000
00208BF600130000
00223B8E000A0000
00223B8E000A0000
0025776A00230000
0000000000000000
00273B4E000B0000
0025776A00230000
00280B76000C0000
00280B76000C0000
002A8BE6000C0000
0000000000000000
0000000000000000
0000000000000000
0000000000000000
0000000000000000
0000000000000000
0000000000000000
0000000000000000
0000000000000000
0000000000000000
0000000000000000
0000000000000000
0000000000000000
0000000000000000
0000000000000000
0000000000000000
0000000000000000
0000000000000000
0000000000000000
0000000000000000
0000000000000000
0000000000000000
0000000000000000
000EB054FF7E0008
0000000000000000
0000000000000000
0000000000000000
0000000000000000
0000000000000000
0000000000000000
0000000000000000
0000000000000000
0000000000000000
0000000000000000
0000000000000000
0000000000000000
0000000000000000
0000000000000000
0000000000000000
0000000000000000
0000000000000000
000124AFFFD80009
0000000000000000
0000000000000000
0000000000000000
0000000000000000
0000000000000000
0000000000000000
0000000000000000
0000000000000000
0000000000000000
0000000000000000
0000000000000000
0000000000000000
0000000000000000
0000000000000000
0000000000000000
0000000000000000
0000000000000000
0000000000000000
0000000000000000
0000000000000000
0000000000000000
0000000000000000
0000000000000000
0000000000000000
0000000000000000
0000000000000000
0000000000000000
0000000000000000
0000000000000000
0000000000000000
0000000000000000
0000000000000000
0000000000000000
0000000000000000
0000000000000000
0000000000000000
0000000000000000
0000000000000000
0000000000000000
0000000000000000
0000000000000000
0000000000000000
0000000000000000
0000000000000000
0000000000000000
0000000000000000
0000000000000000
0000000000000000
0000000000000000
0000000000000000
0000000000000000
0000000000000000
0000000000000000
0000000000000000
0000000000000000
0000000000000000
0000000000000000
0000000000000000
0000000000000000
0000000000000000
0000000000000000
0000000000000000
0000000000000000
0000000000000000
0000000000000000
0000000000000000
0000000000000000
0000000000000000
0000000000000000
0000000000000000
0000000000000000
0000000000000000
0000000000000000
0000000000000000
0000000000000000
0000000000000000
0000000000000000
0000000000000000
0000000000000000
0000000000000000
0000000000000000
0000000000000000
0000000000000000
0000000000000000
0000000000000000
0000000000000000
0000000000000000
0000000000000000
0000000000000000
0000000000000000
0000000000000000
0000000000000000
0000000000000000
0000000000000000
0000000000000000
0000000000000000
0000000000000000
0000000000000000
0000000000000000
0000000000000000
0000000000000000
0000000000000000
0000000000000000
0000000000000000
0000000000000000
0000000000000000
0000000000000000
0000000000000000
0000000000000000
0000000000000000
0000000000000000
0000000000000000
0000000000000000
0000000000000000
0000000000000000
0000000000000000
0000000000000000
0000000000000000
0000000000000000
0000000000000000
0000000000000000
0000000000000000
0000000000000000
0000000000000000
0000000000000000
0000000000000000
0000000000000000
0000000000000000
0000000000000000
0000000000000000
0000000000000000
0000000000000000
0000000000000000
0000000000000000
0000000000000000
0000000000000000
0000000000000000
0000000000000000
0000000000000000
0000000000000000
0000000000000000
0000000000000000
0000000000000000
0000000000000000
0000000000000000
0000000000000000
0000000000000000
0000000000000000
0000000000000000
0000000000000000
0000000000000000
0000000000000000
0000000000000000
0000000000000000
0000000000000000
0000000000000000
0000000000000000
0000000000000000
0000000000000000
0000000000000000
0000000000000000
0000000000000000
0000000000000000
0000000000000000
0000000000000000
0000000000000000
0000000000000000
0000000000000000
0000000000000000
0000000000000000
0000000000000000
0000000000000000
0000000000000000
0000000000000000
0000000000000000
0000000000000000
0000000000000000
0000000000000000
0000000000000000
0000000000000000
0000000000000000
0000000000000000
0000000000000000
0000000000000000
0000000000000000
0000000000000000
0000000000000000
0000000000000000
0000000000000000
0000000000000000
0000000000000000
0000000000000000
0000000000000000
0000000000000000
0000000000000000
0000000000000000
0000000000000000
0000000000000000
0000000000000000
0000000000000000
0000000000000000
0000000000000000
0000000000000000
0000000000000000
0000000000000000
0000000000000000
0000000000000000
0000000000000000
0000000000000000
0000000000000000
0000000000000000
0000000000000000
0000000000000000
0000000000000000
0000000000000000
0000000000000000
0000000000000000
0000000000000000
0000000000000000
