0030000000000000
0030000000000000
0030000000000000
0030000000000000
0030000000000000
000EDB5C007E0009
000EB3D6FF8B0008
00014F86FFD30008
00010807FFFE000A
0030000000000000
000127C1FF910009
0030000000000000
0030000000000000
0030000000000000
0030000000000000
0030000000000000
0030000000000000
0030000000000000
0030000000000000
0030000000000000
0030000000000000
0030000000000000
0030000000000000
00012786FFE60009
000EDB79FFDF0009
0001276200170009
000127F2FF150009
0030000000000000
0001277900370009
0030000000000000
0030000000000000
0030000000000000
0030000000000000
0030000000000000
0030000000000000
0030000000000000
0030000000000000
0030000000000000
0030000000000000
0030000000000000
0030000000000000
000EDB67FFDA0009
000F0C150000000A
00014F67FFE10008
000EF7990005000A
0030000000000000
00014FCFFFF30008
0030000000000000
0030000000000000
0030000000000000
0030000000000000
0030000000000000
0030000000000000
0030000000000000
0030000000000000
0030000000000000
0030000000000000
001E8B6E00200002
0030000000000000
000F0F99FFCB000A
000F0FBAFFC6000A
00014F67000C0008
000F0FBAFFC6000A
0030000000000000
000127D6FFE70009
0030000000000000
0030000000000000
0030000000000000
0030000000000000
0030000000000000
0000000000000000
0030000000000000
0030000000000000
0030000000000000
0030000000000000
000EB35CFFE20008
0030000000000000
00010B73FF8D000A
000EDBB3FFE80009
0030000000000000
000EF407004E000A
0030000000000000
0010CBD2000E0004
0030000000000000
0030000000000000
0030000000000000
0030000000000000
0030000000000000
0030000000000000
0030000000000000
0030000000000000
0030000000000000
0030000000000000
000EB392FFB40008
0030000000000000
000EF786FFB5000A
000ED800004E0009
0001279FFF930009
0000F37F0043000A
0030000000000000
00010BBA000D000A
0030000000000000
0030000000000000
0030000000000000
0030000000000000
0030000000000000
0030000000000000
0000000000000000
0030000000000000
0030000000000000
0030000000000000
0030000000000000
0030000000000000
0030000000000000
0030000000000000
0030000000000000
0030000000000000
0030000000000000
0030000000000000
0030000000000000
0030000000000000
0030000000000000
0030000000000000
0030000000000000
0030000000000000
0030000000000000
0030000000000000
0030000000000000
0030000000000000
