0030000000000000
0030000000000000
0030000000000000
0030000000000000
0030000000000000
0001276D00CC0009
000EB3A600530008
00106F5300130006
003127E4FFE80009
0030000000000000
00014F6D002D0008
0030000000000000
0030000000000000
0030000000000000
0030000000000000
0030000000000000
0030000000000000
0030000000000000
0030000000000000
0030000000000000
0030000000000000
0030000000000000
0030000000000000
000EDB9200170009
000EDBDDFFAF0009
0030000000000000
000127F2FF150009
0030000000000000
00014F86FFA70008
0030000000000000
0030000000000000
0030000000000000
0030000000000000
0030000000000000
0030000000000000
0030000000000000
0030000000000000
0030000000000000
0030000000000000
0030000000000000
0030000000000000
00012751FFF20009
000F0C150000000A
0030000000000000
000EF79F0009000A
0030000000000000
0030000000000000
0030000000000000
0030000000000000
0030000000000000
0030000000000000
0030000000000000
0030000000000000
0030000000000000
0030000000000000
0030000000000000
0030000000000000
0030000000000000
0030000000000000
000F0F99FFCB000A
000EF7C8009F000A
0030000000000000
00010B6D0031000A
0030000000000000
00014FA6FFD90008
0030000000000000
0030000000000000
0030000000000000
0030000000000000
0030000000000000
0030000000000000
0030000000000000
0030000000000000
0030000000000000
0030000000000000
002E7B5600180004
0030000000000000
0001277FFFDE0009
000EDBB3FFE80009
0030000000000000
0000F3E4FFA7000A
0030000000000000
0030000000000000
0030000000000000
0030000000000000
0030000000000000
0030000000000000
0030000000000000
0030000000000000
0030000000000000
0030000000000000
0030000000000000
0030000000000000
0030000000000000
0030000000000000
00010B620047000A
000ED800004E0009
0030000000000000
00012400FFD40009
0030000000000000
0030000000000000
0030000000000000
0030000000000000
0030000000000000
0030000000000000
0030000000000000
0030000000000000
0000000000000000
0030000000000000
0030000000000000
0030000000000000
0030000000000000
0030000000000000
0030000000000000
0030000000000000
0030000000000000
0030000000000000
0030000000000000
0030000000000000
0030000000000000
0030000000000000
0030000000000000
0030000000000000
0030000000000000
0030000000000000
0030000000000000
0030000000000000
0030000000000000
0030000000000000
0030000000000000
0030000000000000
0030000000000000
0030000000000000
0030000000000000
0030000000000000
0030000000000000
0030000000000000
0030000000000000
0030000000000000
0030000000000000
0030000000000000
0030000000000000
0030000000000000
0030000000000000
0030000000000000
0030000000000000
0030000000000000
0030000000000000
0030000000000000
0030000000000000
0030000000000000
0030000000000000
0030000000000000
0030000000000000
0030000000000000
0030000000000000
0030000000000000
0030000000000000
0030000000000000
0030000000000000
0030000000000000
0030000000000000
0030000000000000
0030000000000000
0030000000000000
0030000000000000
0030000000000000
0030000000000000
0030000000000000
0030000000000000
0030000000000000
0030000000000000
0030000000000000
0030000000000000
0030000000000000
0030000000000000
0030000000000000
0030000000000000
0030000000000000
0030000000000000
0030000000000000
0030000000000000
0030000000000000
0030000000000000
0030000000000000
0030000000000000
0030000000000000
0030000000000000
0030000000000000
0030000000000000
0030000000000000
0030000000000000
0030000000000000
0030000000000000
0030000000000000
0030000000000000
0030000000000000
0030000000000000
0030000000000000
0030000000000000
0030000000000000
0030000000000000
0030000000000000
0030000000000000
0030000000000000
0030000000000000
0030000000000000
0030000000000000
0030000000000000
0030000000000000
0030000000000000
0030000000000000
0030000000000000
0030000000000000
0030000000000000
0030000000000000
0030000000000000
0030000000000000
0030000000000000
0030000000000000
0030000000000000
0030000000000000
0030000000000000
0030000000000000
0030000000000000
0030000000000000
0030000000000000
0030000000000000
0030000000000000
0030000000000000
0030000000000000
0030000000000000
0030000000000000
0030000000000000
0030000000000000
0030000000000000
0030000000000000
0030000000000000
0030000000000000
0030000000000000
0030000000000000
0030000000000000
0030000000000000
0030000000000000
0030000000000000
0030000000000000
0030000000000000
0030000000000000
0030000000000000
0030000000000000
0030000000000000
0030000000000000
0030000000000000
0030000000000000
0030000000000000
0030000000000000
0030000000000000
0030000000000000
0030000000000000
0030000000000000
0030000000000000
0030000000000000
0030000000000000
0030000000000000
0030000000000000
0030000000000000
0030000000000000
0030000000000000
0030000000000000
0030000000000000
0030000000000000
0030000000000000
0030000000000000
0030000000000000
0030000000000000
0030000000000000
0030000000000000
0030000000000000
0030000000000000
0030000000000000
0030000000000000
0030000000000000
0030000000000000
0030000000000000
0030000000000000
0030000000000000
0030000000000000
0030000000000000
0030000000000000
0030000000000000
0030000000000000
0030000000000000
0030000000000000
0030000000000000
0030000000000000
0030000000000000
0030000000000000
0030000000000000
0030000000000000
0030000000000000
0030000000000000
0030000000000000
0030000000000000
0030000000000000
0030000000000000
0030000000000000
0030000000000000
0030000000000000
0030000000000000
0030000000000000
0030000000000000
0030000000000000
0030000000000000
0030000000000000
0030000000000000
0030000000000000
0030000000000000
0030000000000000
0030000000000000
0030000000000000
0030000000000000
0030000000000000
0030000000000000
0030000000000000
0030000000000000
0030000000000000
0030000000000000
0030000000000000
0030000000000000
0030000000000000
0030000000000000
0030000000000000
0030000000000000
0030000000000000
0030000000000000
0030000000000000
0030000000000000
0030000000000000
0030000000000000
0030000000000000
0030000000000000
0030000000000000
0030000000000000
0030000000000000
0030000000000000
0030000000000000
0030000000000000
0030000000000000
0030000000000000
0030000000000000
0030000000000000
0030000000000000
0030000000000000
0030000000000000
0030000000000000
0030000000000000
0030000000000000
0030000000000000
0030000000000000
0030000000000000
0030000000000000
0030000000000000
0030000000000000
0030000000000000
0030000000000000
0030000000000000
0030000000000000
0030000000000000
0030000000000000
