0030000000000000
0030000000000000
0030000000000000
0030000000000000
0030000000000000
00014F6D002D0008
0030000000000000
0030000000000000
000EDB7F00710009
0030000000000000
00014F6D002D0008
0030000000000000
0030000000000000
0030000000000000
0030000000000000
0030000000000000
0030000000000000
0030000000000000
0030000000000000
0030000000000000
0030000000000000
0030000000000000
0030000000000000
0001278CFFF10009
002F1BD600060003
0030000000000000
00012767FFA80009
0030000000000000
00012400002E0009
0030000000000000
0030000000000000
0030000000000000
0030000000000000
0030000000000000
0030000000000000
0030000000000000
0030000000000000
0030000000000000
0030000000000000
0030000000000000
0030000000000000
000EDB67FFDA0009
000EB367005C0008
0030000000000000
000127AC00510009
0030000000000000
0030000000000000
0030000000000000
0030000000000000
0030000000000000
0030000000000000
0030000000000000
0030000000000000
0030000000000000
0030000000000000
0030000000000000
0030000000000000
0030000000000000
0030000000000000
000F0F99FFCB000A
000F0F99FFCB000A
0030000000000000
000127D6FFE70009
0030000000000000
0010E3A400280002
0030000000000000
0030000000000000
0030000000000000
0030000000000000
0030000000000000
0030000000000000
0030000000000000
0030000000000000
0030000000000000
0030000000000000
0030000000000000
0030000000000000
000EDB99FF2D0009
0030000000000000
0030000000000000
000EDB79FFB30009
0030000000000000
0030000000000000
0030000000000000
0030000000000000
0030000000000000
0030000000000000
0030000000000000
0030000000000000
0030000000000000
0030000000000000
0030000000000000
0030000000000000
0030000000000000
0030000000000000
000F0F51FFA4000A
000EDB73FFD80009
0030000000000000
000ED800004E0009
0030000000000000
000127EB00590009
0030000000000000
0030000000000000
0030000000000000
0030000000000000
0030000000000000
0030000000000000
0000000000000000
0030000000000000
0030000000000000
0030000000000000
0030000000000000
0030000000000000
0030000000000000
0030000000000000
0030000000000000
0030000000000000
0030000000000000
0030000000000000
0030000000000000
0030000000000000
0030000000000000
0030000000000000
0030000000000000
0030000000000000
0030000000000000
0030000000000000
0030000000000000
0030000000000000
0030000000000000
0030000000000000
0030000000000000
0030000000000000
0030000000000000
0030000000000000
0030000000000000
0030000000000000
0030000000000000
0030000000000000
0030000000000000
0030000000000000
0030000000000000
0030000000000000
0030000000000000
0030000000000000
0030000000000000
0030000000000000
0030000000000000
0030000000000000
0030000000000000
0030000000000000
0030000000000000
0030000000000000
0030000000000000
0030000000000000
0030000000000000
0030000000000000
0030000000000000
0030000000000000
0030000000000000
0030000000000000
0030000000000000
0030000000000000
0030000000000000
0030000000000000
0030000000000000
0030000000000000
0030000000000000
0030000000000000
0030000000000000
0030000000000000
0030000000000000
0030000000000000
0030000000000000
0030000000000000
0030000000000000
0030000000000000
0030000000000000
0030000000000000
0030000000000000
0030000000000000
0030000000000000
0030000000000000
0030000000000000
0030000000000000
0030000000000000
0030000000000000
0030000000000000
0030000000000000
0030000000000000
0030000000000000
0030000000000000
0030000000000000
0030000000000000
0030000000000000
0030000000000000
0030000000000000
0030000000000000
0030000000000000
0030000000000000
0030000000000000
0030000000000000
0030000000000000
0030000000000000
0030000000000000
0030000000000000
0030000000000000
0030000000000000
0030000000000000
0030000000000000
0030000000000000
0030000000000000
0030000000000000
0030000000000000
0030000000000000
0030000000000000
0030000000000000
0030000000000000
0030000000000000
0030000000000000
0030000000000000
0030000000000000
0030000000000000
0030000000000000
0030000000000000
0030000000000000
0030000000000000
0030000000000000
0030000000000000
0030000000000000
0030000000000000
0030000000000000
0030000000000000
0030000000000000
0030000000000000
0030000000000000
0030000000000000
0030000000000000
0030000000000000
0030000000000000
0030000000000000
0030000000000000
0030000000000000
0030000000000000
0030000000000000
0030000000000000
0030000000000000
0030000000000000
0030000000000000
0030000000000000
0030000000000000
0030000000000000
0030000000000000
0030000000000000
0030000000000000
0030000000000000
0030000000000000
0030000000000000
0030000000000000
0030000000000000
0030000000000000
0030000000000000
0030000000000000
0030000000000000
0030000000000000
0030000000000000
0030000000000000
0030000000000000
0030000000000000
0030000000000000
0030000000000000
0030000000000000
0030000000000000
0030000000000000
0030000000000000
0030000000000000
0030000000000000
0030000000000000
0030000000000000
0030000000000000
0030000000000000
0030000000000000
0030000000000000
0030000000000000
0030000000000000
0030000000000000
0030000000000000
0030000000000000
0030000000000000
0030000000000000
0030000000000000
0030000000000000
0030000000000000
0030000000000000
0030000000000000
0030000000000000
0030000000000000
0030000000000000
0030000000000000
0030000000000000
0030000000000000
0030000000000000
0030000000000000
0030000000000000
0030000000000000
0030000000000000
0030000000000000
0030000000000000
0030000000000000
0030000000000000
0030000000000000
0030000000000000
0030000000000000
0030000000000000
0030000000000000
0030000000000000
0030000000000000
0030000000000000
0030000000000000
0030000000000000
0030000000000000
0030000000000000
0030000000000000
0030000000000000
0030000000000000
0030000000000000
0030000000000000
0030000000000000
0030000000000000
0030000000000000
0030000000000000
0030000000000000
0030000000000000
0030000000000000
0030000000000000
0030000000000000
0030000000000000
0030000000000000
0030000000000000
0030000000000000
0030000000000000
0030000000000000
0030000000000000
0030000000000000
0030000000000000
0030000000000000
0030000000000000
0030000000000000
0030000000000000
0030000000000000
0030000000000000
0030000000000000
0030000000000000
0030000000000000
0030000000000000
0030000000000000
0030000000000000
0030000000000000
0030000000000000
0030000000000000
0030000000000000
0030000000000000
0030000000000000
0030000000000000
0030000000000000
0030000000000000
0030000000000000
0030000000000000
0030000000000000
