0029AB86000B0000
002D0B2200080000
0029AB86000B0000
002E6B2A00060000
0000000000000000
00010B6D009D000A
000EB3A6FFE30008
00314F6200A10008
000127B3002A0009
00237B5200060000
000127B3002A0009
0026BB5A00080000
0000000000000000
00287B5A000A0000
0000000000000000
0029AB86000B0000
0000000000000000
0029AB86000B0000
0029DB3200070000
002DCB8A00110000
0029DB3200070000
000EB362FFF10008
002DCB8A00110000
0000F35C002D000A
000EDB9200170009
00014F86FFA70008
000108000008000A
0000000000000000
000127F2FF150009
00266B5A00070000
0024881A000B0000
00266B5A00070000
00260BC6000A0000
00293802000C0000
00273BEA00080000
0000000000000000
0000000000000000
002B8B8A00080000
002B8B8A00080000
000EB399FF530008
002B8B8A00080000
000EF7990005000A
000EF7990005000A
00014F67FFE10008
0000F3BA0094000A
0023FB66000D0000
00014F67FFE10008
00250B42000D0000
0023CBEE00070000
0000000000000000
00266BE600060000
0028ABCA00080000
00266BE600060000
002A681A00160000
0000000000000000
002BFB3200060000
002A7B9200060000
000EF786FFE6000A
002D4BD200060000
000F0F56FFB5000A
000F0FC10031000A
00014F67000C0008
00010BCFFF6A000A
0000000000000000
00012407FFDB0009
0026BB8200060000
0024BBB600130000
0026BB8200060000
0026BB8200060000
00298BFA000D0000
0026EBB200100000
00298BFA000D0000
0029EB7A000C0000
002B1B46000A0000
002ABB4600090000
000EB356FFB50008
002C480E00060000
00010B73FF8D000A
000EDB79FFB30009
0000000000000000
0000F3C1004B000A
0000000000000000
00231BE200060000
00255B3600070000
00231BE200060000
0000000000000000
0025D81200060000
0029EB7A000C0000
0025D81200060000
0029EB7A000C0000
0028CB3A000C0000
002C6B3200420000
002B6B7A00130000
000EDB99000E0009
002B6B7A00130000
000EF786FFB5000A
000F0F9F0058000A
00225B1600090000
000EF40E0041000A
00246B0E00110000
00208BF600130000
00246B0E00110000
00245BBA00060000
00273B4E000B0000
00245BBA00060000
00296BDE00070000
0026DBF2000F0000
002A6BF200900000
0000000000000000
0000000000000000
0000000000000000
0000000000000000
0000000000000000
0000000000000000
0000000000000000
0000000000000000
0000000000000000
0000000000000000
0000000000000000
0000000000000000
0000000000000000
0000000000000000
0000000000000000
0000000000000000
0000000000000000
0000000000000000
0000000000000000
0000000000000000
0000000000000000
0000000000000000
0000000000000000
0000000000000000
0000000000000000
0000000000000000
0000000000000000
0000000000000000
0000000000000000
0000000000000000
0000000000000000
0000000000000000
0000000000000000
0000000000000000
0000000000000000
0000000000000000
0000000000000000
0000000000000000
0000000000000000
0000000000000000
0000000000000000
0000000000000000
0000000000000000
0000000000000000
0000000000000000
0000000000000000
0000000000000000
0000000000000000
0000000000000000
0000000000000000
0000000000000000
0000000000000000
0000000000000000
0000000000000000
0000000000000000
0000000000000000
0000000000000000
0000000000000000
0000000000000000
0000000000000000
0000000000000000
0000000000000000
0000000000000000
0000000000000000
0000000000000000
0000000000000000
0000000000000000
0000000000000000
0000000000000000
0000000000000000
0000000000000000
0000000000000000
0000000000000000
0000000000000000
0000000000000000
0000000000000000
0000000000000000
0000000000000000
0000000000000000
0000000000000000
0000000000000000
0000000000000000
0000000000000000
0000000000000000
0000000000000000
0000000000000000
0000000000000000
0000000000000000
0000000000000000
0000000000000000
0000000000000000
0000000000000000
0000000000000000
0000000000000000
0000000000000000
0000000000000000
0000000000000000
0000000000000000
0000000000000000
0000000000000000
0000000000000000
0000000000000000
0000000000000000
0000000000000000
0000000000000000
0000000000000000
0000000000000000
0000000000000000
0000000000000000
0000000000000000
0000000000000000
0000000000000000
0000000000000000
0000000000000000
0000000000000000
0000000000000000
0000000000000000
0000000000000000
0000000000000000
0000000000000000
0000000000000000
0000000000000000
0000000000000000
0000000000000000
0000000000000000
0000000000000000
0000000000000000
0000000000000000
0000000000000000
0000000000000000
0000000000000000
0000000000000000
0000000000000000
0000000000000000
0000000000000000
0000000000000000
0000000000000000
0000000000000000
0000000000000000
0000000000000000
0000000000000000
0000000000000000
0000000000000000
0000000000000000
0000000000000000
0000000000000000
0000000000000000
0000000000000000
0000000000000000
0000000000000000
0000000000000000
0000000000000000
0000000000000000
0000000000000000
0000000000000000
0000000000000000
0000000000000000
0000000000000000
0000000000000000
0000000000000000
0000000000000000
0000000000000000
0000000000000000
0000000000000000
0000000000000000
0000000000000000
0000000000000000
0000000000000000
0000000000000000
0000000000000000
0000000000000000
0000000000000000
0000000000000000
0000000000000000
0000000000000000
0000000000000000
0000000000000000
0000000000000000
0000000000000000
0000000000000000
0000000000000000
0000000000000000
0000000000000000
0000000000000000
0000000000000000
0000000000000000
0000000000000000
0000000000000000
0000000000000000
0000000000000000
0000000000000000
0000000000000000
0000000000000000
0000000000000000
0000000000000000
0000000000000000
0000000000000000
0000000000000000
0000000000000000
0000000000000000
0000000000000000
0000000000000000
0000000000000000
0000000000000000
0000000000000000
0000000000000000
0000000000000000
0000000000000000
0000000000000000
0000000000000000
0000000000000000
0000000000000000
0000000000000000
0000000000000000
0000000000000000
0000000000000000
0000000000000000
0000000000000000
0000000000000000
0000000000000000
0000000000000000
0000000000000000
0000000000000000
0000000000000000
0000000000000000
0000000000000000
0000000000000000
0000000000000000
0000000000000000
0000000000000000
0000000000000000
0000000000000000
0000000000000000
0000000000000000
0000000000000000
0000000000000000
0000000000000000
0000000000000000
0000000000000000
0000000000000000
0000000000000000
0000000000000000
0000000000000000
0000000000000000
0000000000000000
0000000000000000
0000000000000000
0000000000000000
0000000000000000
0000000000000000
0000000000000000
0000000000000000
0000000000000000
0000000000000000
0000000000000000
0000000000000000
0000000000000000
0000000000000000
0000000000000000
0000000000000000
0000000000000000
