00298B3200070000
002B989A00090000
00298B3200070000
000F203FFFE3000C
0000000000000000
0000C83F0000000D
000F0CAF0078000A
00010B6D009D000A
00010B6D009D000A
0000000000000000
000127E4FFE80009
0026982600060000
0000000000000000
002608C600060000
00252BCE001B0000
002A0B7200060000
0000000000000000
002A9BD200080000
0028385E000D0000
002D8B8200080000
0029DB3200070000
000F4099000A000D
002CF7A500150000
0000AC3F0028000F
000F4015006C000D
00012786FFE60009
000108000008000A
0000000000000000
00012786FFE60009
0025485A000B0000
0000000000000000
002708BD000E0000
00256812002D0000
0000000000000000
0026681E00080000
002A8FF800270000
0000000000000000
0000000000000000
0000000000000000
000F34A4003A000D
0000000000000000
000F436D0081000D
000F23F2FFCB000C
0001249EFFF90009
000F23790074000C
002348C200070000
00012792FFBD0009
00260852001D0000
00234B6E00670000
00260852001D0000
0023FB66000D0000
0028ABCA00080000
00281BEE00060000
002B8B8A00080000
00284882000B0000
0000000000000000
0029D82700140000
002DD832000F0000
0000000000000000
0000F35C0034000A
002E4BE2000A0000
002158D2000E0000
002158D2000E0000
0000000000000000
0000000000000000
0000000000000000
0000000000000000
00284882000B0000
00254BCE000D0000
00298BFA000D0000
00275BB200080000
0000000000000000
0028482E000B0000
002B888E000B0000
0029B8B200070000
0000000000000000
0000000000000000
000EB093FFFF0008
002EA41E000A0000
0000000000000000
0000000000000000
0024848A00130000
0000000000000000
0000000000000000
0000000000000000
0028585600060000
0000000000000000
0027FB6A00140000
0000000000000000
002AEBD200070000
0028582E007D0000
002DB83E001B0000
002B6B7A00130000
002D4842000B0000
002B1BBE000B0000
000F0C3FFFBC000A
002D84B100360000
0022B83200060000
002FA8D6000A0000
0022B83200060000
0000000000000000
0026789A001A0000
0000000000000000
0028074000240000
0026789A001A0000
002A0BEE00080000
0000000000000000
002BBFA9002A0000
0000000000000000
0000000000000000
0000000000000000
0000000000000000
0000000000000000
0000000000000000
0000000000000000
0000000000000000
0000000000000000
0000000000000000
0000000000000000
0000000000000000
0000000000000000
0000000000000000
0000000000000000
0000000000000000
0000000000000000
0000000000000000
0000000000000000
0000000000000000
0000000000000000
0000000000000000
0000000000000000
00014C23000F0008
0000000000000000
0000000000000000
0000000000000000
0000000000000000
0000000000000000
0000000000000000
0000000000000000
0000000000000000
0000000000000000
0000000000000000
0000000000000000
0000000000000000
0000000000000000
0000000000000000
0000000000000000
0000000000000000
0000000000000000
00010831009A000A
0000000000000000
0000000000000000
0000000000000000
0000000000000000
0000000000000000
0000000000000000
0000000000000000
0000000000000000
0000000000000000
0000000000000000
0000000000000000
0000000000000000
0000000000000000
0000000000000000
0000000000000000
0000000000000000
0000000000000000
0000000000000000
0000000000000000
0000000000000000
0000000000000000
0000000000000000
0000000000000000
0000000000000000
0000000000000000
0000000000000000
0000000000000000
0000000000000000
0000000000000000
0000000000000000
0000000000000000
0000000000000000
0000000000000000
0000000000000000
0000000000000000
0000000000000000
0000000000000000
0000000000000000
0000000000000000
0000000000000000
0000000000000000
0000000000000000
0000000000000000
0000000000000000
0000000000000000
0000000000000000
0000000000000000
0000000000000000
0000000000000000
0000000000000000
0000000000000000
0000000000000000
0000000000000000
0000000000000000
0000000000000000
0000000000000000
0000000000000000
0000000000000000
0000000000000000
0000000000000000
0000000000000000
0000000000000000
0000000000000000
0000000000000000
0000000000000000
0000000000000000
0000000000000000
0000000000000000
0000000000000000
0000000000000000
0000000000000000
0000000000000000
0000000000000000
0000000000000000
0000000000000000
0000000000000000
0000000000000000
0000000000000000
0000000000000000
0000000000000000
0000000000000000
0000000000000000
0000000000000000
0000000000000000
0000000000000000
0000000000000000
0000000000000000
0000000000000000
0000000000000000
0000000000000000
0000000000000000
0000000000000000
0000000000000000
0000000000000000
0000000000000000
0000000000000000
0000000000000000
0000000000000000
0000000000000000
0000000000000000
0000000000000000
0000000000000000
0000000000000000
0000000000000000
0000000000000000
0000000000000000
0000000000000000
0000000000000000
0000000000000000
0000000000000000
0000000000000000
0000000000000000
0000000000000000
0000000000000000
0000000000000000
0000000000000000
0000000000000000
0000000000000000
0000000000000000
0000000000000000
0000000000000000
0000000000000000
0000000000000000
0000000000000000
0000000000000000
0000000000000000
0000000000000000
0000000000000000
0000000000000000
0000000000000000
0000000000000000
0000000000000000
0000000000000000
0000000000000000
0000000000000000
0000000000000000
0000000000000000
0000000000000000
0000000000000000
0000000000000000
0000000000000000
0000000000000000
0000000000000000
0000000000000000
0000000000000000
0000000000000000
0000000000000000
0000000000000000
0000000000000000
0000000000000000
0000000000000000
0000000000000000
0000000000000000
0000000000000000
0000000000000000
0000000000000000
0000000000000000
0000000000000000
0000000000000000
0000000000000000
0000000000000000
0000000000000000
0000000000000000
0000000000000000
0000000000000000
0000000000000000
0000000000000000
0000000000000000
0000000000000000
0000000000000000
0000000000000000
0000000000000000
0000000000000000
0000000000000000
0000000000000000
0000000000000000
0000000000000000
0000000000000000
0000000000000000
0000000000000000
0000000000000000
0000000000000000
0000000000000000
0000000000000000
0000000000000000
0000000000000000
0000000000000000
0000000000000000
0000000000000000
0000000000000000
0000000000000000
0000000000000000
0000000000000000
0000000000000000
0000000000000000
0000000000000000
0000000000000000
0000000000000000
0000000000000000
0000000000000000
0000000000000000
0000000000000000
0000000000000000
0000000000000000
0000000000000000
0000000000000000
0000000000000000
0000000000000000
0000000000000000
0000000000000000
0000000000000000
0000000000000000
0000000000000000
0000000000000000
0000000000000000
0000000000000000
0000000000000000
0000000000000000
0000000000000000
