0000000000000000
0000000000000000
0000000000000000
0000000000000000
0000000000000000
4A114F62000B0008
7EFEDBC8000B0009
42812751000B0009
791127C1000B0009
0000000000000000
44F0BC00000B000D
0000000000000000
0000000000000000
0000000000000000
0000000000000000
0000000000000000
0000000000000000
0000000000000000
0000000000000000
0000000000000000
0000000000000000
7D5EDB56000B0009
0000000000000000
413F374B000B000D
425EDBC8000B0009
7AA10B5C000B000A
715127F2000B0009
0000000000000000
7E612786000B0009
0000000000000000
0000000000000000
0000000000000000
0000000000000000
0000000000000000
0000000000000000
0000000000000000
0000000000000000
0000000000000000
0000000000000000
417F5B62000C000F
0000000000000000
7BD12792000B0009
753EB399000B0008
48712773000B0009
79BF0F8C000B000A
0000000000000000
4940F3BA000B000A
0000000000000000
0000000000000000
0000000000000000
0000000000000000
0000000000000000
0000000000000000
0000000000000000
0000000000000000
0000000000000000
0000000000000000
7B0EF779000B000A
0000000000000000
7CCF5399000C000F
7C6F0FBA000B000A
40C14F67000B0008
479FC786000F002B
0000000000000000
7E3127C8000B0009
0000000000000000
0000000000000000
0000000000000000
0000000000000000
0000000000000000
0000000000000000
0000000000000000
0000000000000000
0000000000000000
0000000000000000
7FFEF75C000B000A
0000000000000000
7E0F376D000B000D
7E5F7407000C0013
7C714F99000B0008
72DEDB99000B0009
0000000000000000
7C714F99000B0008
0000000000000000
0000000000000000
0000000000000000
0000000000000000
0000000000000000
0000000000000000
0000000000000000
0000000000000000
0000000000000000
0000000000000000
458F0F9F000B000A
0000000000000000
4430F37F000B000A
40DF377F000B000D
7A610B5C000B000A
48CF438C000B000D
0000000000000000
44610BE4000B000A
0000000000000000
0000000000000000
0000000000000000
0000000000000000
0000000000000000
0000000000000000
0000000000000000
0000000000000000
0000000000000000
0000000000000000
0000000000000000
0000000000000000
0000000000000000
0000000000000000
0000000000000000
0000000000000000
0000000000000000
0000000000000000
0000000000000000
0000000000000000
0000000000000000
0000000000000000
0000000000000000
0000000000000000
0000000000000000
0000000000000000
0000000000000000
0000000000000000
0000000000000000
0000000000000000
0000000000000000
0000000000000000
0000000000000000
0000000000000000
