0027E852000A0000
002D0B2200080000
002A5B5A000A0000
000F0CA4FFCD000A
002B989A00090000
000F23560004000C
000EF7B3FF91000A
00012446004D0009
000127B3002E0009
002338D100080000
000127B3002A0009
0026BB5A00080000
0000000000000000
0026EB26000A0000
002558E600060000
002A436A00170000
0000000000000000
002AE816000A0000
0029DB3200070000
002CDB4600090000
002B786200080000
000F0C87001A000A
002CBB7400110000
000F34460000000D
000EF4A4FFFB000A
00014F86FFA70008
00012767FFA80009
0022482600080000
00012767FFA80009
0024785200080000
0023CBE6000D0000
0028385E000D0000
00256BA200090000
00293802000C0000
00260BC6000A0000
002AA8CA00070000
0029D8AA00070000
002CC8D600060000
002B8B8A00080000
000F23790074000C
002B8B8A00080000
000F23790074000C
000EF7C10007000A
0001276D00190009
000108A40005000A
0023FB66000D0000
0001276D00190009
00250B42000D0000
0023CBEE00070000
0028637E00140000
00267BD200110000
0029EBBE000B0000
00267BD200110000
0029D8AA00070000
0029279700280000
002BFB3200060000
002AE84600130000
002E986A00240000
0000000000000000
0001275CFFDC0009
002EE8E200080000
00206B3A00280000
0020F8B200080000
00233B6A00120000
002158D2000E0000
0024C83E00060000
00233B6A00120000
0028182600080000
002568A6000D0000
0028C8EA00120000
00272B8600140000
00298BFA000D0000
0029B8B200070000
002B1B46000A0000
002B1B46000A0000
002CF89A00080000
002CF89A00080000
002F3B9200110000
002CF89A00080000
0000000000000000
0000000000000000
0024C86200070000
00231BE200060000
0024C86200070000
0000000000000000
0028482E000B0000
0025580A001C0000
0029EB7A000C0000
0027FB6A00140000
002A6BB200060000
0028074000240000
002D4842000B0000
002AD8D600280000
002E0B56000D0000
002D1FD600390000
000F0C7A0014000A
002E989A00090000
00223B8E000A0000
002128C600060000
00225B1600090000
002128C600060000
00246B0E00110000
00223B8E000A0000
0026CB0E00090000
00245BBA00060000
002A0BE2000F0000
0026789A001A0000
002AD8D600280000
0000000000000000
0000000000000000
0000000000000000
0000000000000000
0000000000000000
0000000000000000
0000000000000000
0000000000000000
0000000000000000
0000000000000000
0000000000000000
0000000000000000
0000000000000000
0000000000000000
0000000000000000
0000000000000000
0000000000000000
0000000000000000
0000000000000000
0000000000000000
0000000000000000
0000000000000000
0000000000000000
0000000000000000
0000000000000000
0000000000000000
0000000000000000
0000000000000000
0000000000000000
0000000000000000
0000000000000000
0000000000000000
0000000000000000
0000000000000000
0000000000000000
0000000000000000
0000000000000000
0000000000000000
0000000000000000
0000000000000000
0000000000000000
0000000000000000
0000000000000000
0000000000000000
0000000000000000
0000000000000000
0000000000000000
0000000000000000
0000000000000000
0000000000000000
0000000000000000
0000000000000000
0000000000000000
0000000000000000
0000000000000000
0000000000000000
0000000000000000
0000000000000000
0000000000000000
0000000000000000
0000000000000000
0000000000000000
0000000000000000
0000000000000000
0000000000000000
0000000000000000
0000000000000000
0000000000000000
0000000000000000
0000000000000000
0000000000000000
0000000000000000
0000000000000000
0000000000000000
0000000000000000
0000000000000000
0000000000000000
0000000000000000
0000000000000000
0000000000000000
0000000000000000
0000000000000000
0000000000000000
0000000000000000
0000000000000000
0000000000000000
0000000000000000
0000000000000000
0000000000000000
0000000000000000
0000000000000000
0000000000000000
0000000000000000
0000000000000000
0000000000000000
0000000000000000
0000000000000000
0000000000000000
0000000000000000
0000000000000000
0000000000000000
0000000000000000
0000000000000000
0000000000000000
0000000000000000
0000000000000000
0000000000000000
0000000000000000
0000000000000000
0000000000000000
0000000000000000
0000000000000000
0000000000000000
0000000000000000
0000000000000000
0000000000000000
0000000000000000
0000000000000000
0000000000000000
0000000000000000
0000000000000000
0000000000000000
0000000000000000
0000000000000000
0000000000000000
0000000000000000
0000000000000000
0000000000000000
0000000000000000
0000000000000000
0000000000000000
0000000000000000
0000000000000000
0000000000000000
0000000000000000
0000000000000000
0000000000000000
0000000000000000
0000000000000000
0000000000000000
0000000000000000
0000000000000000
0000000000000000
0000000000000000
0000000000000000
0000000000000000
0000000000000000
0000000000000000
0000000000000000
0000000000000000
0000000000000000
0000000000000000
0000000000000000
0000000000000000
0000000000000000
0000000000000000
0000000000000000
0000000000000000
0000000000000000
0000000000000000
0000000000000000
0000000000000000
0000000000000000
0000000000000000
0000000000000000
0000000000000000
0000000000000000
0000000000000000
0000000000000000
0000000000000000
0000000000000000
0000000000000000
0000000000000000
0000000000000000
0000000000000000
0000000000000000
0000000000000000
0000000000000000
0000000000000000
0000000000000000
0000000000000000
0000000000000000
0000000000000000
0000000000000000
0000000000000000
0000000000000000
0000000000000000
0000000000000000
0000000000000000
0000000000000000
0000000000000000
0000000000000000
0000000000000000
0000000000000000
0000000000000000
0000000000000000
0000000000000000
0000000000000000
0000000000000000
0000000000000000
0000000000000000
0000000000000000
0000000000000000
0000000000000000
0000000000000000
0000000000000000
0000000000000000
0000000000000000
0000000000000000
0000000000000000
0000000000000000
0000000000000000
0000000000000000
0000000000000000
0000000000000000
0000000000000000
0000000000000000
0000000000000000
0000000000000000
0000000000000000
0000000000000000
0000000000000000
0000000000000000
0000000000000000
0000000000000000
0000000000000000
0000000000000000
0000000000000000
0000000000000000
0000000000000000
0000000000000000
0000000000000000
0000000000000000
0000000000000000
0000000000000000
0000000000000000
0000000000000000
0000000000000000
0000000000000000
0000000000000000
0000000000000000
0000000000000000
0000000000000000
0000000000000000
0000000000000000
0000000000000000
0000000000000000
0000000000000000
0000000000000000
0000000000000000
0000000000000000
0000000000000000
0000000000000000
0000000000000000
0000000000000000
0000000000000000
0000000000000000
0000000000000000
0000000000000000
0000000000000000
0000000000000000
